#Note that the charge and forcefield parameters aren't read in
#NumberOfResidueTemplates:
K01 26
N	 11.946  26.541  48.068
H	 11.341  27.065  48.705
CA	 11.486  25.488  47.117
CB	 11.352  24.141  47.866
CG	 12.694  23.643  48.450
CD	 12.506  22.262  49.117
CE	 13.778  21.743  49.819
NZ	 14.889  21.550  48.882
CH	 15.967  20.780  49.059
OH	 16.795  20.756  48.181
C01	 16.075  19.942  50.308
H01	 17.072  19.507  50.373
H10	 15.342  19.136  50.280
H19	 15.903  20.549  51.197
H09	 14.905  22.098  48.040
H08	 13.532  20.785  50.291
H15	 14.079  22.450  50.602
H07	 12.194  21.536  48.364
H14	 11.706  22.328  49.856
H06	 13.070  24.362  49.185
H13	 13.434  23.579  47.648
H05	 10.969  23.385  47.175
H12	 10.614  24.241  48.668
HA	 12.241  25.379  46.334
C	 10.169  25.826  46.403
O	  9.199  26.280  46.974
ENDRES
K02 36
N      11.874  26.624  48.092
H      11.196  27.105  48.687
CA     11.534  25.635  47.031
CB     11.324  24.243  47.674
CG     12.592  23.711  48.384
CD     12.335  22.298  48.953
CE     13.524  21.748  49.760
NZ     14.711  21.522  48.925
CH     15.793  20.793  49.235
OH     16.675  20.722  48.413
C01    15.800  19.973  50.505
C02    15.168  18.588  50.260
C06    14.974  17.836  51.545
S01    13.549  17.940  52.531
C04    14.358  16.799  53.559
C03    15.598  16.377  53.190
C07    15.999  16.960  52.016
H20    16.944  16.791  51.508
H21    16.193  15.666  53.757
H22    13.871  16.445  54.462
H16    15.799  18.016  49.573
H17    14.199  18.708  49.769
H01    16.833  19.850  50.833
H19    15.278  20.496  51.305
H09    14.777  22.009  48.048
H08    13.215  20.802  50.214
H15    13.776  22.449  50.562
H07    12.102  21.606  48.138
H14    11.461  22.329  49.607
H06    12.874  24.385  49.196
H13    13.424  23.686  47.676
H05    11.030  23.529  46.902
H12    10.499  24.298  48.390
HA     12.371  25.574  46.328
C      10.303  26.023  46.196
O	9.274  26.440  46.680
ENDRES
K03 36
N	  11.636  25.037  50.020
H	  10.715  25.074  50.461
CA	  11.898  25.208  48.562
CB	  11.660  23.863  47.836
CG	  12.618  22.761  48.340
CD	  12.405  21.437  47.576
CE	  13.342  20.335  48.099
NZ	  14.754  20.625  47.801
CH	  15.778  19.944  48.340
OH	  16.603  19.514  47.567
C01	  15.807  19.784  49.807
C02	  15.098  20.540  50.726
C03	  15.523  20.001  51.964
C04	  16.434  19.010  51.713
O02	  16.679  18.853  50.366
C07	  17.002  18.282  52.754
C08	  16.623  18.594  54.064
C06	  15.699  19.619  54.315
C05	  15.135  20.339  53.256
H01	  14.414  21.133  53.437
H16	  15.415  19.853  55.339
H10	  17.049  18.036  54.895
H18	  17.718  17.488  52.548
H17	  14.433  21.377  50.544
H09	  14.937  20.800  46.828
H08	  13.077  19.394  47.610
H15	  13.171  20.202  49.169
H07	  12.571  21.588  46.505
H14	  11.371  21.110  47.705
H06	  12.452  22.589  49.406
H13	  13.651  23.101  48.222
H05	  11.810  23.997  46.762
H12	  10.622  23.547  47.978
HA	  12.947  25.494  48.432
C	  11.066  26.320  47.907
O	   9.880  26.468  48.106
ENDRES
K04 51
N	30.289  59.066  12.075
H	29.355  59.463  12.146
CA	31.402  59.283  13.040
CB	32.107  60.603  12.672
CG	33.427  60.814  13.446
CD	34.176  62.040  12.882
CE	35.442  62.403  13.684
NZ	35.120  63.047  14.964
CH	34.845  64.360  15.089
OH	34.807  65.082  14.117
C01	34.483  64.825  16.467
C02	33.460  65.763  16.630
C03	33.103  66.209  17.903
C04	33.785  65.747  19.030
C05	34.834  64.839  18.863
C06	35.172  64.368  17.595
H13	36.001  63.672  17.488
H12	35.390  64.495  19.732
C07	33.432  66.264  20.422
N01	32.425  65.447  21.154
C09	32.125  66.042  22.485
C10	31.016  65.261  23.220
C11	31.387  63.772  23.352
C12	31.666  63.198  21.951
C13	32.769  64.000  21.233
H01	33.716  63.874  21.767
H19	32.878  63.587  20.227
H18	30.752  63.240  21.354
H29	31.961  62.149  22.027
H17	30.572  63.222  23.828
H28	32.273  63.663  23.983
H16	30.083  65.354  22.657
H27	30.848  65.694  24.208
H15	31.798  67.078  22.359
H26	33.029  66.039  23.101
H14	34.344  66.324  21.023
H25	33.042  67.282  20.330
H11	32.293  66.927  18.015
H10	32.930  66.139  15.755
H09	35.025  62.477  15.784
H08	36.050  63.091  13.088
H24	36.035  61.502  13.866
H07	33.508  62.906  12.859
H23	34.463  61.834  11.847
H06	34.063  59.930  13.354
H22	33.215  60.965  14.509
H05	31.434  61.443  12.867
H21	32.318  60.612  11.602
HA	32.116  58.471  12.898
C	31.000  59.267  14.532
O	30.035  59.837  14.993
ENDRES
K05 41
N	 30.476  58.837  12.306
H	 29.534  59.233  12.325
CA	 31.595  59.212  13.235
CB	 32.266  60.496  12.692
CG	 33.559  60.865  13.456
CD	 34.269  62.066  12.790
CE	 35.519  62.518  13.573
NZ	 35.182  63.079  14.888
CH	 34.838  64.364  15.089
OH	 34.744  65.129  14.153
C01	 34.449  64.736  16.491
C02	 33.562  65.798  16.686
C03	 33.168  66.169  17.970
C04	 33.669  65.495  19.084
C05	 34.572  64.448  18.897
C06	 34.960  64.067  17.612
H19	 35.688  63.268  17.500
H18	 34.991  63.940  19.763
C07	 33.246  65.911  20.487
C08	 34.292  66.795  21.192
N02	 35.413  65.985  21.705
H03	 35.083  65.343  22.423
H04	 36.110  66.587  22.140
H02	 34.667  67.544  20.488
H06	 33.818  67.314  22.030
H01	 33.040  65.025  21.093
H05	 32.308  66.468  20.426
H17	 32.470  66.993  18.098
H16	 33.169  66.337  15.825
H15	 35.141  62.462  15.677
H14	 36.051  63.276  12.987
H20	 36.191  61.665  13.708
H13	 33.577  62.909  12.705
H24	 34.569  61.793  11.775
H12	 34.238  60.009  13.473
H23	 33.315  61.112  14.493
H11	 31.561  61.332  12.742
H22	 32.513  60.348  11.638
HA	 32.337  58.409  13.251
C	 31.129  59.392  14.684
O	 30.951  60.457  15.233
ENDRES
K06 26
N	 11.946  26.541  48.068
H	 11.341  27.065  48.705
CA	 11.486  25.488  47.117
CB	 11.352  24.141  47.866
CG	 12.694  23.643  48.450
CD	 12.506  22.262  49.117
CE	 13.778  21.743  49.819
NZ	 14.889  21.550  48.882
CH	 15.967  20.780  49.059
OH	 16.795  20.756  48.181
C01	 16.075  19.942  50.308
H01	 17.072  19.507  50.373
H10	 15.342  19.136  50.280
H19	 15.903  20.549  51.197
H09	 14.905  22.098  48.040
H08	 13.532  20.785  50.291
H15	 14.079  22.450  50.602
H07	 12.194  21.536  48.364
H14	 11.706  22.328  49.856
H06	 13.070  24.362  49.185
H13	 13.434  23.579  47.648
H05	 10.969  23.385  47.175
H12	 10.614  24.241  48.668
HA	 12.241  25.379  46.334
C	 10.169  25.826  46.403
O	  9.199  26.280  46.974
ENDRES
K07 43
N       12.017  25.381  49.767
H       11.296  25.524  50.478
CA      11.761  25.185  48.310
CB      11.413  23.702  48.044
CG      12.588  22.766  48.398
CD      12.240  21.293  48.095
CE      13.388  20.358  48.511
NZ      14.546  20.483  47.615
CH      15.814  20.190  47.931
OH      16.527  19.819  47.028
C01     16.266  20.289  49.358
C02     15.974  21.417  50.131
C03     16.440  21.518  51.439
C04     17.216  20.500  51.989
C05     17.527  19.363  51.222
C06     17.054  19.271  49.900
H20     17.309  18.408  49.286
C07     18.343  18.255  51.807
C08     17.728  17.020  52.085
C09     18.468  15.975  52.637
C10     19.825  16.141  52.903
C11     20.446  17.357  52.626
C12     19.717  18.416  52.087
Cl1     20.545  19.899  51.749
H24     21.506  17.484  52.829
H23     20.400  15.320  53.327
H22     17.983  15.027  52.860
H21     16.668  16.878  51.886
H10     17.580  20.591  53.010
H18     16.209  22.402  52.030
H17     15.393  22.234  49.704
H09     14.372  20.383  46.630
H08     13.033  19.323  48.465
H15     13.660  20.569  49.549
H07     12.022  21.162  47.032
H14     11.341  21.013  48.649
H06     12.833  22.865  49.459
H13     13.474  23.061  47.831
H05     11.165  23.569  46.990
H12     10.527  23.424  48.621
HA      12.674  25.430  47.758
C       10.662  26.099  47.750
O        9.604  26.289  48.306
ENDRES
K08 36
N         11.951  26.525  48.080
H         11.348  27.042  48.723
CA        11.490  25.477  47.125
CB        11.352  24.132  47.868
CG        12.690  23.641  48.463
CD        12.478  22.277  49.162
CE        13.784  21.730  49.759
NZ        14.731  21.340  48.708
CH        15.862  20.635  48.877
OH        16.406  20.189  47.902
C01       16.414  20.479  50.247
C02       17.627  19.965  50.549
C06       18.238  19.907  51.870
C05       19.518  19.562  52.198
C04       19.699  20.011  53.541
C03       18.479  20.508  53.934
N01       18.129  21.256  55.112
O03       19.059  21.675  55.784
O04       17.002  21.705  55.177
O05       17.518  20.368  52.941
H20       20.643  20.067  54.079
H10       20.302  19.209  51.535
H01       18.279  19.622  49.737
H16       15.811  20.869  51.064
H09       14.446  21.501  47.751
H08       13.534  20.844  50.354
H15       14.228  22.488  50.412
H07       12.069  21.553  48.444
H14       11.732  22.395  49.962
H06       13.073  24.363  49.191
H13       13.435  23.548  47.671
H05       10.986  23.370  47.177
H12       10.613  24.225  48.667
HA        12.242  25.371  46.338
C         10.170  25.814  46.419
O          9.201  26.260  46.992
ENDRES
K09 57
N      10.610  23.498  50.090
H       9.969  22.709  49.981
CA     11.117  24.353  48.977
CB     11.720  23.455  47.871
CG     12.924  22.636  48.383
CD     13.532  21.770  47.259
CE     14.695  20.912  47.786
NZ     15.878  21.726  48.096
CH     16.845  21.406  48.967
OH     17.946  21.852  48.742
C01    16.541  20.498  50.122
C02    15.426  20.711  50.934
C03    15.167  19.897  52.040
C04    16.059  18.849  52.314
C05    17.196  18.621  51.523
C06    17.428  19.472  50.439
H20    18.311  19.340  49.817
C11    18.197  17.481  51.809
C12    17.822  16.612  53.039
H27    17.792  17.215  53.950
H29    18.557  15.818  53.195
H30    16.848  16.138  52.900
C13    19.605  18.069  52.079
H28    19.574  18.762  52.924
H31    19.986  18.613  51.212
H32    20.323  17.279  52.314
C14    18.274  16.530  50.588
H19    18.632  17.049  49.697
H33    17.287  16.117  50.364
H34    18.954  15.697  50.781
H10    15.874  18.208  53.165
C07    13.932  20.193  52.918
C08    13.790  19.244  54.137
H16    13.680  18.206  53.815
H21    12.909  19.499  54.731
H22    14.662  19.317  54.792
C09    12.637  20.056  52.079
H18    11.751  20.227  52.695
H23    12.563  19.055  51.648
H24    12.613  20.779  51.262
C10    14.016  21.637  53.478
H01    14.007  22.380  52.678
H25    14.935  21.770  54.053
H26    13.170  21.852  54.135
H17    14.762  21.541  50.705
H09    16.213  22.334  47.370
H08    14.976  20.191  47.011
H15    14.357  20.345  48.657
H07    13.880  22.402  46.438
H14    12.761  21.108  46.857
H06    12.604  21.985  49.199
H13    13.683  23.312  48.784
H05    12.048  24.077  47.035
H12    10.949  22.782  47.487
HA     11.908  25.000  49.369
C      10.056  25.290  48.383
O       8.929  24.938  48.114
ENDRES
K10 30
N       11.959  26.550  48.180
H       11.352  27.041  48.841
CA      11.497  25.573  47.152
CB      11.326  24.182  47.806
CG      12.646  23.632  48.400
CD      12.424  22.224  49.001
CE      13.678  21.658  49.696
NZ      14.768  21.398  48.749
CH      15.894  20.703  48.974
OH      16.677  20.598  48.062
C01     16.054  19.929  50.263
C02     15.481  18.501  50.110
C03     15.541  17.741  51.367
N01     15.560  17.174  52.352
H16     16.039  17.958  49.344
H17     14.438  18.544  49.786
H01     17.119  19.872  50.492
H19     15.579  20.454  51.093
H09     14.740  21.850  47.851
H08     13.398  20.724  50.190
H15     14.023  22.365  50.457
H07     12.101  21.534  48.217
H14     11.618  22.276  49.736
H06     13.011  24.306  49.180
H13     13.409  23.593  47.618
H05     10.956  23.475  47.059
H12     10.566  24.242  48.591
HA      12.262  25.503  46.373
C       10.199  25.988  46.443
O        9.230  26.422  47.025
ENDRES
P01 24
N       -2.684   2.455  -0.753
CD      -1.656   2.003  -1.720
C4      -2.201   1.281  -2.954
C3      -1.341   1.083  -4.038
C2      -1.776   0.416  -5.181
C1      -3.086  -0.055  -5.257
C6      -3.950   0.132  -4.182
C5      -3.511   0.790  -3.031
H6      -4.197   0.895  -2.197
H7      -4.970  -0.247  -4.232
H3      -3.428  -0.576  -6.148
H4      -1.094   0.259  -6.015
H5      -0.316   1.443  -3.990
C8      -0.684   1.118  -0.918
C9      -0.998   1.409   0.554
H10     -0.756   0.564   1.201
H11     -0.428   2.279   0.881
H8      -0.878   0.063  -1.132
H9       0.358   1.336  -1.166
H1      -1.110   2.891  -2.056
CA      -2.495   1.746   0.547
HA      -2.729   2.427   1.371
C       -3.347   0.483   0.755
O       -3.474  -0.401  -0.063
ENDRES
P02 27
N        4.149  -2.643   3.180
CD       3.277  -2.105   2.116
C8       4.145  -1.039   1.427
C7       3.689  -0.682  -0.008
C4       2.359   0.058  -0.033
C3       2.333   1.453   0.006
C2       1.115   2.137   0.006
C1      -0.081   1.427  -0.035
C6      -0.062   0.032  -0.104
C5       1.154  -0.650  -0.103
H6       1.163  -1.736  -0.160
H7      -0.997  -0.521  -0.159
H3      -1.032   1.958  -0.019
H4       1.104   3.225   0.039
H5       3.263   2.015   0.036
H8       3.609  -1.592  -0.613
H9       4.452  -0.050  -0.477
C9       5.532  -1.687   1.458
H10      5.603  -2.437   0.666
H11      6.331  -0.959   1.321
H1       4.158  -0.138   2.053
H12      2.348  -1.684   2.521
H13      3.040  -2.897   1.400
CA       5.581  -2.396   2.826
HA       6.121  -3.346   2.722
C        6.379  -1.572   3.857
O        5.988  -0.618   4.494
ENDRES
P03 24
N	-0.113   1.218   2.516
CD	-0.734   1.579   1.238
C3	-0.041   1.044  -0.025
C2	-0.762   1.609  -1.277
C1	-0.902   3.157  -1.243
C6	-1.507   3.679   0.087
C5	-0.698   3.101   1.264
C7	-1.207   3.394   2.677
H12	-0.908   4.383   3.030
H13	-2.298   3.322   2.704
H2	 0.341   3.437   1.188
H10	-1.475   4.772   0.110
H11	-2.554   3.372   0.163
H4	 0.086   3.604  -1.382
H5	-1.523   3.486  -2.080
H6	-0.218   1.311  -2.176
H7	-1.759   1.165  -1.342
H8	-0.072  -0.047  -0.033
H9	 1.007   1.348  -0.026
H1	-1.777   1.245   1.248
CA	-0.568   2.253   3.510
HA	 0.305   2.641   4.044
C	-1.521   1.759   4.603
O	-1.811   2.369   5.606
ENDRES
P04 24
N      -0.139   0.136   0.126 
CD     -0.046   1.608   0.061 
C8      1.456   1.904   0.029 
C7      2.102   0.782   0.864 
C4      3.444   0.310   0.310 
C3      4.590   0.396   1.106 
C2      5.828  -0.010   0.612 
C1      5.934  -0.508  -0.684 
C6      4.796  -0.612  -1.480 
C5      3.556  -0.206  -0.985 
H6      2.678  -0.293  -1.618 
H7      4.877  -1.009  -2.491 
H3      6.903  -0.820  -1.071 
H4      6.715   0.064   1.241 
H5      4.523   0.777   2.123 
H1      2.260   1.179   1.870 
H8      1.809   1.885  -1.004 
H9      1.677   2.891   0.445 
H10    -0.559   2.015  -0.817 
H11    -0.478   2.045   0.968 
CA      1.036  -0.339   0.939 
HA      1.427  -1.279   0.539 
C       0.661  -0.668   2.386 
O       1.433  -0.874   3.295 
ENDRES
P05 18
N       -0.144  -2.392   0.109
CD      -0.567  -0.996  -0.163
S1      -1.810  -0.600   1.108
C5      -1.353  -1.999   2.156
H8      -2.191  -2.311   2.787
H9      -0.497  -1.715   2.776
C2      -1.110  -0.853  -1.598
C1      -1.379   0.625  -1.957
H3      -0.461   1.213  -1.875
H4      -1.747   0.707  -2.981
H5      -2.127   1.060  -1.291
H6      -2.032  -1.431  -1.705
H7      -0.381  -1.259  -2.303
H1       0.305  -0.336  -0.017
CA      -0.945  -3.091   1.166
HA      -1.856  -3.490   0.714
C       -0.259  -4.263   1.878
O        0.793  -4.214   2.471
ENDRES
P06 15
N	 -1.423  -0.704   0.043
CD	 -0.074  -0.565  -0.536
C1	  0.278   0.904  -0.794
H3	  1.304   0.987  -1.153
H4	 -0.386   1.320  -1.554
H5	  0.184   1.500   0.118
S1	  0.917  -1.322   0.764
C4	 -0.227  -2.714   0.768
H6	 -0.147  -3.325   1.669
H7	 -0.004  -3.320  -0.114
H1	  0.017  -1.169  -1.455
CA	 -1.618  -2.083   0.614
HA	 -2.055  -1.949   1.606
C	 -2.541  -3.049  -0.146
O	 -2.310  -3.446  -1.267
ENDRES
P07 22
N       3.147   0.540   1.000
CD      3.453   1.589   0.003
C2      2.224   2.250  -0.632
C4      0.944   2.036  -0.116
C6     -0.184   2.551  -0.750
C8     -0.049   3.283  -1.927
C7      1.216   3.492  -2.468
C5      2.350   2.987  -1.822
H07     3.328   3.149  -2.271
H09     1.317   4.035  -3.411
H10    -0.935   3.668  -2.429
H08    -1.171   2.351  -0.336
H06     0.810   1.424   0.772
S       4.545   2.740   0.871
C3      3.905   2.337   2.522
H05     4.694   2.371   3.284
H11     3.126   3.053   2.779
H02     4.010   1.121  -0.822
CA      3.285   0.940   2.431
HA      2.333   0.936   2.971
C       4.150  -0.067   3.182
O       3.904  -0.473   4.291
ENDRES
P08 18
N     -0.148  -0.628   0.566
CD     0.799   0.486   0.685
S      2.236  -0.116  -0.218
C3     1.988  -1.854   0.241
C5     2.247  -2.711  -1.017
H05    1.519  -2.467  -1.795
H09    2.189  -3.779  -0.789
H11    3.241  -2.498  -1.425
C6     3.015  -2.232   1.348
H06    3.854  -2.804   0.933
H07    2.571  -2.834   2.146
H10    3.440  -1.332   1.807
H04    1.069   0.659   1.738
H08    0.390   1.404   0.233
CA     0.520  -1.951   0.793
HA     0.574  -2.096   1.874
C     -0.285  -3.170   0.302
O     -0.664  -3.408  -0.826
ENDRES
P09 12
N	 -0.300   9.427  -2.171
CD	  0.131  10.216  -1.004
C17	  0.807  11.444  -1.606
S1	 -0.316  11.976  -2.916
H15	  0.968  12.232  -0.868
H16	  1.756  11.152  -2.065
H13	 -0.742  10.533  -0.421
H14	  0.820   9.655  -0.364
CA	 -0.987  10.290  -3.194
HA	 -0.686   9.961  -4.199
C	 -2.526  10.215  -3.175
O	 -3.287  11.031  -2.705
ENDRES
P10 12
N	 -0.791   1.498  -1.135
CD	 -0.651   2.146  -2.464
C2	 -2.074   2.290  -2.912
C3	 -2.909   2.094  -1.916
H5	 -3.994   2.131  -1.969
H4	 -2.344   2.525  -3.939
H2	 -0.189   3.134  -2.360
H3	 -0.062   1.528  -3.150
CA	 -2.179   1.781  -0.640
HA	 -2.178   2.659   0.013
C	 -2.832   0.643   0.149
O	 -3.675  -0.107  -0.291
ENDRES
P11 14
N       -0.843   1.655  -3.517
CD      -2.106   2.433  -3.554
C17     -2.387   2.724  -5.041
C18     -1.038   2.497  -5.733
H16     -0.433   3.406  -5.662
H17     -1.152   2.225  -6.783
F1      -2.819   3.984  -5.229
H1      -3.142   2.027  -5.420
H14     -2.937   1.873  -3.115
H15     -1.970   3.375  -3.010
CA      -0.369   1.381  -4.908
HA      -0.765   0.418  -5.243
C        1.153   1.319  -5.126
O        1.993   1.916  -4.491
ENDRES
P12 15
N      3.310   1.482   0.538 
CD     4.466   0.556   0.608 
C17    3.902  -0.821   1.004 
O5     3.838  -0.970   2.426 
H18    3.366  -1.797   2.632 
C18    2.491  -0.802   0.418 
H16    2.535  -1.156  -0.615 
H17    1.793  -1.436   0.969 
H1     4.499  -1.631   0.573 
H14    4.924   0.467  -0.383 
H15    5.218   0.905   1.324 
CA     2.051   0.680   0.433 
HA     1.443   0.864   1.322 
C      1.167   1.028  -0.770 
O      1.558   1.565  -1.781 
ENDRES
P13 17
N       0.266   9.520   3.080 
CD      0.634   8.500   4.086 
C17     0.675   9.136   5.488 
C18    -0.686   9.774   5.838 
C19    -1.085  10.796   4.754 
H19    -0.399  11.646   4.787 
H20    -2.086  11.177   4.966 
H17    -0.630  10.264   6.812 
H18    -1.445   8.992   5.904 
H15     1.455   9.903   5.508 
H16     0.940   8.381   6.233 
H13    -0.102   7.691   4.074 
H14     1.616   8.079   3.849 
CA     -1.055  10.168   3.341 
HA     -1.813   9.380   3.314 
C      -1.485  11.213   2.299 
O      -0.755  12.072   1.847 
ENDRES
P14 27
N        6.003   5.825  -2.412
CD       6.459   6.560  -1.215
C5       7.381   7.658  -1.770
O1       6.608   8.722  -2.390
C2       6.361   9.981  -1.707
C1       7.681  10.752  -1.485
H3       8.235  10.854  -2.420
H4       7.468  11.756  -1.108
H5       8.320  10.252  -0.755
C3       5.458  10.779  -2.668
H6       4.539  10.227  -2.878
H7       5.189  11.747  -2.240
H8       5.970  10.953  -3.617
C4       5.633   9.754  -0.366
H9       6.274   9.230   0.346
H10      5.353  10.712   0.077
H11      4.722   9.171  -0.512
C6       8.109   6.934  -2.905
H12      9.045   6.522  -2.524
H13      8.344   7.614  -3.728
H1       8.074   8.050  -1.022
H14      5.614   6.972  -0.656
H15      7.038   5.896  -0.560
CA       7.160   5.800  -3.358
HA       6.769   6.026  -4.355
C        7.923   4.474  -3.479
O        8.323   3.709  -2.626
ENDRES
P15 11
N        1.441   0.089  -0.528
CD       1.108  -0.739  -1.727
C1       0.135  -1.494  -0.775
H2      -0.786  -1.839  -1.247
H3       0.612  -2.337  -0.272
H4       1.946  -1.334  -2.132
H5       0.622  -0.178  -2.540
CA       0.046  -0.120  -0.015
HA      -0.712   0.604  -0.342
C       -0.128  -0.768   1.396
O        0.414  -1.724   1.903
ENDRES
TXP 40
N      17.995  30.812  17.563
H      17.483  31.628  17.902
CA     19.305  30.855  16.830
C08    19.069  31.113  15.326
N01    18.737  29.895  14.578
C07    18.940  29.810  13.252
C01    18.600  28.602  12.596
CG     18.058  27.446  13.075
CD2    17.958  26.581  11.934
CE2    18.427  27.271  10.839
NE1    18.829  28.491  11.227
HE1    19.397  29.159  10.725
C06    18.460  26.730	9.571
CH2    18.037  25.407	9.395
C02    18.167  24.799	7.990
C03    17.690  23.330	7.871
H06    18.276  22.668	8.515
H08    17.821  22.986	6.841
H09    16.629  23.236	8.125
C04    17.340  25.627	6.970
H02    17.367  25.158	5.982
H10    17.725  26.646	6.861
H11    16.294  25.686	7.287
C05    19.662  24.842	7.579
H07    20.060  25.862	7.591
H12    19.803  24.446	6.571
H13    20.262  24.244	8.274
C11    17.579  24.686  10.525
CE3    17.524  25.272  11.803
HE3    17.176  24.712  12.670
H03    17.276  23.646  10.440
H04    18.837  27.325	8.743
H01    17.765  27.234  14.095
O01    19.437  30.722  12.623
H14    18.279  29.134  15.051
H15    18.257  31.839  15.202
H16    19.975  31.552  14.891
HA     19.804  29.888  16.941
C      20.352  31.855  17.336
O      20.121  33.003  17.633
ENDRES
ACE 6
CM	 -0.376   0.745  -0.192
HM1	 -0.496   0.030   0.609
HM2	 -0.729   1.709   0.144
HM3	 -0.971   0.429  -1.036
C	  1.081   0.837  -0.591
O	  1.692  -0.156  -1.008
ENDRES