! The first line is the number of AA types to be read
! The format for the rest of the file is
! AA_name num_dihedrals num_rotamers
! dihedral_list_one_per_line
! rotamer_angles
27
K01 5 19
N CA CB CG
CA CB CG CD
CB CG CD CE
CG CD CE NZ
CD CE NZ CH
62 180 68 180 180
62 180 180 65 180
62 180 180 180 180
62 180 180 -65 180
62 180 -68 180 180
-177 180 68 65 180
-177 180 68 180 180
-177 180 180 180 180
-177 180 180 -65 180
-177 180 -68 -65 180
-90 68 180 180 180
-67 180 68 180 180
-67 180 180 65 180
-67 180 180 180 -60
-67 180 180 180 180
-67 180 180 -65 180
-67 180 -68 180 180
-67 180 -68 -65 -60
-67 180 -68 -65 180
K02 8 53
N CA CB CG
CA CB CG CD
CB CG CD CE
CG CD CE NZ
CD CE NZ CH
NZ CH C01 C02
CH C01 C02 C06
C01 C02 C06 C07
62 180 68 180 180 -177 180 -60
62 180 68 180 180 -177 180 60
62 180 68 180 180 -177 180 180
62 180 -68 180 180 -177 180 -60
62 180 -68 180 180 -177 180 60
-177 180 180 180 180 -177 65 60
-177 180 180 -65 180 -177 -65 -60
-177 180 180 -65 180 -177 180 -60
-177 180 180 -65 180 -177 180 180
-177 180 -68 -65 180 -177 -65 -60
-177 180 -68 -65 180 -177 65 180
-177 180 -68 -65 180 -177 180 -60
-177 180 -68 -65 180 -177 180 60
-177 180 -68 -65 180 -177 180 180
-90 68 180 180 180 -177 -65 -60
-90 68 180 180 180 -177 -65 180
-90 68 180 180 180 -177 65 60
-90 68 180 180 180 -177 65 180
-90 68 180 180 180 -177 180 -60
-90 68 180 180 180 -177 180 60
-90 68 180 180 180 -177 180 180
-67 180 68 180 180 -177 -65 -60
-67 180 68 180 180 -177 -65 180
-67 180 68 180 180 -177 65 60
-67 180 68 180 180 -177 65 180
-67 180 180 65 180 -177 -65 -60
-67 180 180 65 180 -177 65 60
-67 180 180 65 180 -177 65 180
-67 180 180 65 180 -177 180 -60
-67 180 180 65 180 -177 180 60
-67 180 180 65 180 -177 180 180
-67 180 180 180 180 -177 -65 -60
-67 180 180 180 180 -177 65 60
-67 180 180 180 180 -177 65 180
-67 180 180 180 180 -177 180 -60
-67 180 180 180 180 -177 180 60
-67 180 180 180 180 -177 180 180
-67 180 180 -65 180 -177 -65 -60
-67 180 180 -65 180 -177 65 60
-67 180 180 -65 180 -177 65 180
-67 180 180 -65 180 -177 180 -60
-67 180 180 -65 180 -177 180 60
-67 180 180 -65 180 -177 180 180
-67 180 -68 180 180 -177 65 60
-67 180 -68 180 180 -177 180 -60
-67 180 -68 180 180 -177 180 60
-67 180 -68 180 180 -177 180 180
-67 180 -68 -65 180 -177 -65 -60
-67 180 -68 -65 180 -177 65 60
-67 180 -68 -65 180 -177 65 180
-67 180 -68 -65 180 -177 180 -60
-67 180 -68 -65 180 -177 180 60
-67 180 -68 -65 180 -177 180 180
K03 6 46
N CA CB CG
CA CB CG CD
CB CG CD CE
CG CD CE NZ
CD CE NZ CH
NZ CH C01 C02
62 180 68 180 -60 -60
62 180 68 180 180 -60
62 180 68 180 180 60
62 180 68 180 180 180
62 180 180 65 -60 180
62 180 180 65 180 -60
62 180 180 180 -60 -60
62 180 180 180 180 -60
62 180 180 -65 -60 -60
62 180 180 -65 -60 60
62 180 180 -65 180 -60
62 180 -68 180 -60 -60
62 180 -68 180 -60 60
62 180 -68 180 180 -60
62 180 -68 180 180 60
-177 180 68 180 -60 -60
-177 180 68 180 -60 60
-177 180 180 180 180 60
-177 180 180 -65 -60 -60
-177 180 -68 180 180 -60
-177 180 -68 -65 180 60
-177 180 -68 -65 180 180
-90 68 180 180 180 -60
-90 68 180 180 180 60
-90 68 180 180 180 180
-67 180 68 180 -60 -60
-67 180 68 180 -60 60
-67 180 68 180 -60 180
-67 180 68 180 180 -60
-67 180 68 180 180 60
-67 180 180 65 180 -60
-67 180 180 65 180 60
-67 180 180 180 -60 -60
-67 180 180 180 -60 60
-67 180 180 180 180 -60
-67 180 180 180 180 60
-67 180 180 -65 -60 -60
-67 180 180 -65 180 -60
-67 180 180 -65 180 60
-67 180 180 -65 180 180
-67 180 -68 180 -60 -60
-67 180 -68 180 180 -60
-67 180 -68 -65 -60 -60
-67 180 -68 -65 -60 60
-67 180 -68 -65 180 -60
-67 180 -68 -65 180 60
K04 8 1
N CA CB CG
CA CB CG CD
CB CG CD CE
CG CD CE NZ
CD CE NZ CH
NZ CH C01 C02
C03 C04 C07 N01
C04 C07 N01 C09
-177 180 180 -65 -90 30 -90 180
K05 8 61
N CA CB CG
CA CB CG CD
CB CG CD CE
CG CD CE NZ
CD CE NZ CH
NZ CH C01 C02
C03 C04 C07 C08
C04 C07 C08 N02
62 180 180 65 180 120 -60 -65
62 180 180 -65 -60 60 -60 -65
62 180 180 -65 -60 60 -60 180
62 180 180 -65 -60 60 60 65
62 180 180 -65 -60 120 -60 -65
62 180 180 -65 -60 120 -60 180
62 180 180 -65 -60 120 60 65
62 180 180 -65 -60 120 60 180
-177 180 68 65 60 60 60 180
-177 180 68 65 60 120 -60 -65
-177 180 68 65 60 120 -60 180
-177 180 68 65 180 60 -60 180
-177 180 68 65 180 120 -60 -65
-177 180 180 -65 -60 60 60 65
-177 180 180 -65 -60 120 60 65
-177 180 180 -65 -60 120 60 180
-177 180 180 -65 180 0 -60 -65
-177 180 180 -65 180 0 -60 180
-177 180 180 -65 180 60 -60 180
-90 68 180 180 180 60 -60 180
-90 68 180 180 180 60 60 65
-90 68 180 180 180 60 60 180
-67 180 68 180 180 120 60 65
-67 180 180 65 60 0 60 65
-67 180 180 65 60 120 -60 -65
-67 180 180 65 60 120 -60 65
-67 180 180 65 60 120 -60 180
-67 180 180 65 60 120 60 65
-67 180 180 65 60 120 60 180
-67 180 180 65 60 120 180 180
-67 180 180 65 180 0 -60 -65
-67 180 180 65 180 0 -60 180
-67 180 180 65 180 0 60 -65
-67 180 180 65 180 0 60 65
-67 180 180 65 180 0 60 180
-67 180 180 65 180 0 180 180
-67 180 180 65 180 60 -60 -65
-67 180 180 65 180 60 -60 180
-67 180 180 65 180 60 60 65
-67 180 180 65 180 60 60 180
-67 180 -68 -65 -60 0 -60 -65
-67 180 -68 -65 -60 0 -60 65
-67 180 -68 -65 -60 0 -60 180
-67 180 -68 -65 -60 0 60 65
-67 180 -68 -65 -60 0 60 180
-67 180 -68 -65 -60 60 -60 -65
-67 180 -68 -65 -60 60 -60 180
-67 180 -68 -65 -60 60 60 65
-67 180 -68 -65 -60 60 60 180
-67 180 -68 -65 180 0 60 65
-67 180 -68 -65 180 0 60 180
-67 180 -68 -65 180 60 -60 -65
-67 180 -68 -65 180 60 -60 65
-67 180 -68 -65 180 60 -60 180
-67 180 -68 -65 180 60 60 -65
-67 180 -68 -65 180 60 60 65
-67 180 -68 -65 180 60 60 180
-67 180 -68 -65 180 120 -60 -65
-67 180 -68 -65 180 120 -60 180
-67 180 -68 -65 180 120 60 65
-67 180 -68 -65 180 120 60 180
K06 5 14
N CA CB CG
CA CB CG CD
CB CG CD CE
CG CD CE NZ
CD CE NZ CH
62 180 68 180 180
62 180 180 65 180
62 180 180 180 180
62 180 180 -65 180
62 180 -68 180 180
-177 180 68 65 180
-177 180 68 180 180
-177 180 -68 180 180
-67 180 68 180 180
-67 180 180 65 180
-67 180 180 180 180
-67 180 180 -65 180
-67 180 -68 180 180
-67 180 -68 -65 180
K07 7 32
N CA CB CG
CA CB CG CD
CB CG CD CE
CG CD CE NZ
CD CE NZ CH
NZ CH C01 C02
C04 C05 C07 C08
62 180 68 180 -60 -60 -60
62 180 68 180 -60 -60 60
62 180 68 180 180 -60 -60
62 180 68 180 180 -60 60
62 180 68 180 180 60 -60
62 180 68 180 180 60 60
62 180 180 65 180 -60 -60
62 180 180 65 180 -60 60
62 180 180 -65 -60 -60 -60
62 180 180 -65 -60 -60 60
62 180 180 -65 180 -60 -60
62 180 180 -65 180 -60 60
62 180 -68 180 -60 -60 -60
-177 180 68 65 180 -60 -60
-177 180 68 65 180 -60 60
-177 180 68 65 180 60 -60
-177 180 68 65 180 60 60
-177 180 68 180 180 -60 -60
-177 180 68 180 180 -60 60
-177 180 -68 180 -60 -60 -60
-177 180 -68 180 -60 -60 60
-67 180 68 180 -60 -60 -60
-67 180 180 65 180 -60 -60
-67 180 180 65 180 -60 60
-67 180 180 65 180 60 -60
-67 180 180 65 180 60 60
-67 180 180 180 -60 -60 -60
-67 180 180 180 -60 -60 60
-67 180 180 180 180 60 -60
-67 180 180 180 180 60 60
-67 180 -68 -65 -60 -60 -60
-67 180 -68 -65 -60 -60 60
K08 7 32
N CA CB CG
CA CB CG CD
CB CG CD CE
CG CD CE NZ
CD CE NZ CH
NZ CH C01 C02
C01 C02 C06 C05
62 180 68 180 180 60 180
62 180 68 180 180 180 -60
62 180 68 180 180 180 180
62 180 180 180 -60 180 60
62 180 180 -65 -60 -60 -60
62 180 180 -65 -60 -60 60
62 180 180 -65 -60 -60 180
62 180 180 -65 180 -60 60
62 180 -68 180 -60 180 -60
62 180 -68 180 -60 180 60
62 180 -68 180 180 180 -60
-177 180 180 180 -60 180 -60
-177 180 180 180 -60 180 60
-177 180 -68 180 -60 -60 180
-177 180 -68 180 180 -60 -60
-177 180 -68 180 180 60 180
-177 180 -68 180 180 180 -60
-177 180 -68 180 180 180 180
-67 180 68 180 -60 -60 -60
-67 180 68 180 -60 180 -60
-67 180 68 180 -60 180 180
-67 180 180 180 180 -60 -60
-67 180 180 180 180 -60 60
-67 180 180 180 180 60 -60
-67 180 180 -65 180 -60 60
-67 180 180 -65 180 -60 180
-67 180 180 -65 180 60 -60
-67 180 180 -65 180 60 60
-67 180 180 -65 180 60 180
-67 180 180 -65 180 180 -60
-67 180 180 -65 180 180 60
-67 180 180 -65 180 180 180
K09 8 53
N CA CB CG
CA CB CG CD
CB CG CD CE
CG CD CE NZ
CD CE NZ CH
NZ CH C01 C02
C02 C03 C07 C08
C06 C05 C11 C12
62 180 68 180 -60 -60 0 0
62 180 68 180 -60 -60 0 60
62 180 68 180 -60 -60 60 0
62 180 68 180 -60 -60 60 60
62 180 68 180 180 -60 0 0
62 180 68 180 180 -60 0 60
62 180 68 180 180 -60 60 0
62 180 68 180 180 -60 60 60
62 180 180 65 180 -60 0 0
62 180 180 65 180 -60 60 0
62 180 180 180 180 -60 0 0
62 180 180 -65 -60 -60 0 0
62 180 180 -65 -60 -60 0 60
62 180 180 -65 -60 -60 60 0
62 180 180 -65 -60 -60 60 60
62 180 180 -65 180 -60 0 0
62 180 180 -65 180 -60 0 60
62 180 180 -65 180 -60 60 0
62 180 180 -65 180 -60 60 60
-177 180 68 65 180 -60 0 0
-177 180 68 65 180 -60 0 60
-177 180 68 65 180 -60 60 0
-177 180 68 65 180 -60 60 60
-177 180 68 65 180 60 0 0
-177 180 68 180 180 -60 0 0
-177 180 68 180 180 60 0 0
-177 180 68 180 180 60 0 60
-177 180 68 180 180 60 60 0
-177 180 68 180 180 60 60 60
-177 180 -68 180 -60 -60 0 0
-177 180 -68 180 -60 -60 0 60
-177 180 -68 180 -60 -60 60 0
-177 180 -68 180 -60 -60 60 60
-67 180 180 65 180 -60 0 0
-67 180 180 65 180 -60 0 60
-67 180 180 65 180 -60 60 0
-67 180 180 65 180 -60 60 60
-67 180 180 65 180 60 0 0
-67 180 180 65 180 60 0 60
-67 180 180 65 180 60 60 0
-67 180 180 65 180 60 60 60
-67 180 180 180 -60 -60 0 0
-67 180 180 180 -60 -60 0 60
-67 180 180 180 -60 -60 60 0
-67 180 180 180 -60 -60 60 60
-67 180 -68 -65 -60 -60 0 0
-67 180 -68 -65 -60 -60 0 60
-67 180 -68 -65 -60 -60 60 0
-67 180 -68 -65 -60 -60 60 60
-67 180 -68 -65 180 -60 0 0
-67 180 -68 -65 180 -60 0 60
-67 180 -68 -65 180 -60 60 0
-67 180 -68 -65 180 -60 60 60
K10 7 37
N CA CB CG
CA CB CG CD
CB CG CD CE
CG CD CE NZ
CD CE NZ CH
NZ CH C01 C02
CH C01 C02 N01
62 180 68 180 180 -177 -60
62 180 68 180 180 -177 60
62 180 68 180 180 -177 180
62 180 180 65 180 -177 -60
62 180 180 65 180 -177 60
62 180 180 65 180 -177 180
62 180 180 180 180 -177 -60
62 180 180 180 180 -177 60
62 180 180 180 180 -177 180
62 180 180 -65 180 -177 -60
62 180 180 -65 180 -177 60
62 180 180 -65 180 -177 180
62 180 -68 180 180 -177 -60
62 180 -68 180 180 -177 60
62 180 -68 180 180 -177 180
-177 180 68 65 180 -177 -60
-177 180 68 65 180 -177 60
-177 180 68 65 180 -177 180
-177 180 68 180 180 -177 -60
-177 180 68 180 180 -177 60
-177 180 68 180 180 -177 180
-177 180 -68 180 180 -177 -60
-177 180 -68 180 180 -177 60
-177 180 -68 180 180 -177 180
-67 180 180 65 180 -177 60
-67 180 180 65 180 -177 180
-67 180 180 180 180 -177 -60
-67 180 180 180 180 -177 60
-67 180 180 180 180 -177 180
-67 180 180 -65 180 -177 -60
-67 180 180 -65 180 -177 60
-67 180 180 -65 180 -177 180
-67 180 -68 180 180 -177 60
-67 180 -68 180 180 -177 180
-67 180 -68 -65 180 -177 -60
-67 180 -68 -65 180 -177 60
-67 180 -68 -65 180 -177 180
TXP 4 18
N CA C08 N01
CA C08 N01 C07
N01 C07 C01 CG
C06 CH2 C02 C05
62 -120 -60 120
62 -120 -60 180
62 -120 0 180
62 -120 120 120
62 -120 120 180
62 -60 -120 180
62 180 0 120
62 180 180 120
62 180 180 180
65 -120 -60 120
65 -120 -60 180
65 -120 0 120
65 -120 0 180
65 -120 120 120
65 -120 120 180
65 -60 60 180
65 180 180 120
65 180 180 180
P01 1 3
N CD C4 C5
0
60
120
P02 2 9
C9 C8 C7 C4
C8 C7 C4 C5
0 0
0 60
0 120
120 0
120 60
120 120
-120 0
-120 60
-120 120
P03 0 0
P04 1 3
CA C7 C4 C3
0
60
120
P05 1 3
N CD C2 C1
-120
0
120
P06 0 0
P07 1 6
N CD C2 C4
0
30
60
90
120
150
P08 0 0
P09 0 0
P10 0 0
P11 0 0
P12 0 0
P13 0 0
P14 2 9
C6 C5 O1 C2
C5 O1 C2 C4
-120 0
-120 60
-120 120
0 0
0 60
0 120
120 0
120 60
120 120
P15 0 0
ACE 0 0